0.0874040489616
0.234595439812
0.476087870391
0.535410598154
0.102997348923
0.0206762215249
-0.0443646906674
0.00837414961481
-0.00293225882223
-0.0567972476823
-0.0198612549052
-0.135472708729
0.379203292396
-0.00034855515453
-0.0035499564083
0.0501265235413
-0.36097549461
-0.0334344381006
0.28064903382
-0.698942015158
0.428780059765
-0.0019274328075
-0.0326191326735
0.0183973819512
0.0250912845398
0.010950744568
-0.00876038655806
0.0487202421148
0.174571965464
0.1743907663
0.00279514369636
-0.00220214068036
-0.269901967339
0.179327655653
-0.0110097794374
0.0700637292996
0.000673555510523
-0.583604035894
0.111274404435
-0.0265824395178
-0.0485505819149
-0.0510481714626
-0.00684593607701
0.229548748726
-0.0301311313513
0.125942973355
0.0638840201114
0.000141033365768
0.00135026153142
0.179166432123
0.0208763693772
-0.154388665688
0.0176706383205
-0.546479987479
0.575072560624
-0.102749470291
-0.028027842763
0.0397983485582
0.00464683671582
0.0149852960344
-0.248430008757
-0.0262041465756
-0.236444726725
0.182353397102
0.00150533389112
-0.000254116208064
-0.0557434355275
-0.0369979483947
-0.0693929832291
0.205603597165
0.263730670486
0.87717826531
-0.0397524278406
0.000952223933577
0.0363830267494
0.00285429936755
0.00873635148169
-0.0739642725246
-0.0633145986628
-0.161609518978
0.257240050245
-0.00156070378082
6.13408812595e-05
0.117671083744
-0.160423391909
-0.0125251948976
0.335951418301
0.0750074846604
-0.50837622409
-0.0893915975445
0.00724556147811
0.0201452886236
-0.0402364001188
-0.0169691773672
0.557580314999
0.0191290717565
0.0572279800639
0.316245418256
0.00154357327753
-0.000473264954048
-0.0841307950301
0.535940247338
0.013116580003
-0.0275956873217
0.112803733833
-0.196787570756
-0.0293365903005
-0.106381250829
-0.0294601148394
-0.0214945326666
0.0152196343185
-0.595099639975
-0.0915455404822
0.201950596878
-0.0575664311767
-0.00232143212562
0.000587268583514
-0.0313991242868
-0.231909462861
-0.02213671273
0.303870474834
0.520161785854
-0.562468816293
0.0528694882981
-0.132530490129
0.0587847999897
-0.0283519685806
-0.00733677153491
-0.0493618824644
0.0699329214665
-0.0622067669232
0.138555174192
-0.00208070358693
-0.000476254049784
0.0379803318093
-0.481126054557
0.206897204311
0.46710004986
0.629994280571
-0.796871688356
-0.101701425087
0.134374125339
0.132280930613
0.123648078474
0.0567389575213
1.0370415184
0.0315276583845
0.28020534921
0.249645968688
0.000103664541845
-0.00131304725151
-0.258561833071
0.0425631627894
0.220011803951
