0.00249464063304
-0.873180287662
0.00452599221843
-0.0654626769743
0.112515586634
-0.564027839113
-0.000555390193427
-0.0224253403564
0.00928502031946
-0.570954019482
0.031539994667
-0.0945841822268
0.119300054245
-0.922507884104
-0.000540444065359
-0.0923755680076
-0.0822505489052
-0.441625393223
0.0032777359721
-0.11382438198
-0.00643555954983
-1.2101842029
0.00252549435893
-0.0838747666178
-0.115583201186
0.0572481759442
-0.0780598911162
-0.0550946461023
-0.0644819923513
0.190923617147
-0.0015905881249
0.0481784049325
-0.0846901202813
0.480979293042
0.0224532307228
-0.02248114555
0.00249504288467
1.04463230695
-0.000691604780068
0.122301898253
-0.0808568242351
0.160063866829
0.304517207659
-0.0205737114872
-0.0304656976343
-0.654351727565
0.002176576749
0.0610668838183
-0.216649538435
0.0859652800761
-0.370350835596
-0.170761233622
-0.185007529867
-0.815316844401
-0.00211792212006
-0.130611852448
-0.0855345908246
1.15828167401
0.0688730173878
0.0126622858005
0.0623894935712
-0.00985315166315
-0.00187272559382
0.223366093939
0.0328991608235
1.96390313144
0.926739625305
0.211969120293
0.259476836627
1.42373402994
0.00326183136788
0.601606466935
-0.144577444486
